10	0.9039
10.29	0.9396
10.58	0.9752
10.87	1.011
11.16	1.047
11.45	1.082
11.74	1.118
12.03	1.153
12.32	1.189
12.61	1.225
12.9	1.26
13.19	1.296
13.48	1.332
13.77	1.367
14.06	1.403
14.35	1.439
14.64	1.474
14.93	1.51
15.23	1.547
15.52	1.585
15.81	1.623
16.1	1.661
16.39	1.699
16.68	1.736
16.97	1.774
17.26	1.812
17.55	1.85
17.84	1.887
18.13	1.925
18.42	1.963
18.71	2.001
19	2.039
19.29	2.076
19.58	2.114
19.87	2.152
20.16	2.19
20.45	2.228
20.74	2.266
21.03	2.304
21.32	2.342
21.61	2.38
21.9	2.419
22.19	2.457
22.48	2.495
22.77	2.533
23.06	2.571
23.35	2.609
23.64	2.647
23.93	2.685
24.22	2.723
24.51	2.761
24.8	2.799
25.1	2.837
25.39	2.875
25.68	2.912
25.97	2.949
26.26	2.987
26.55	3.024
26.84	3.062
27.13	3.099
27.42	3.136
27.71	3.174
28	3.211
28.29	3.249
28.58	3.286
28.87	3.323
29.16	3.361
29.45	3.398
29.74	3.435
30.03	3.473
30.32	3.507
30.61	3.542
30.9	3.577
31.19	3.612
31.48	3.647
31.77	3.682
32.06	3.717
32.35	3.752
32.64	3.786
32.93	3.821
33.22	3.856
33.51	3.891
33.8	3.926
34.09	3.961
34.38	3.996
34.67	4.03
34.96	4.065
35.26	4.1
35.55	4.135
35.84	4.17
36.13	4.205
36.42	4.24
36.71	4.274
37	4.309
37.29	4.344
37.58	4.379
37.87	4.414
38.16	4.449
38.45	4.484
38.74	4.519
39.03	4.553
39.32	4.588
39.61	4.623
39.9	4.658
40.19	4.69
40.48	4.721
40.77	4.752
41.06	4.782
41.35	4.813
41.64	4.844
41.93	4.875
42.22	4.906
42.51	4.936
42.8	4.967
43.09	4.998
43.38	5.029
43.67	5.059
43.96	5.09
44.25	5.121
44.54	5.152
44.83	5.182
45.13	5.213
45.42	5.244
45.71	5.275
46	5.306
46.29	5.336
46.58	5.367
46.87	5.398
47.16	5.429
47.45	5.459
47.74	5.49
48.03	5.521
48.32	5.552
48.61	5.583
48.9	5.613
49.19	5.644
49.48	5.675
49.77	5.706
50.06	5.735
50.35	5.759
50.64	5.783
50.93	5.807
51.22	5.83
51.51	5.854
51.8	5.878
52.09	5.902
52.38	5.926
52.67	5.95
52.96	5.974
53.25	5.998
53.54	6.022
53.83	6.045
54.12	6.069
54.41	6.093
54.7	6.117
54.99	6.141
55.29	6.165
55.58	6.189
55.87	6.213
56.16	6.237
56.45	6.26
56.74	6.284
57.03	6.308
57.32	6.332
57.61	6.356
57.9	6.38
58.19	6.404
58.48	6.428
58.77	6.451
59.06	6.475
59.35	6.499
59.64	6.523
59.93	6.547
60.22	6.571
60.51	6.595
60.8	6.619
61.09	6.643
61.38	6.666
61.67	6.69
61.96	6.714
62.25	6.738
62.54	6.762
62.83	6.786
63.12	6.81
63.41	6.834
63.7	6.858
63.99	6.881
64.28	6.905
64.57	6.929
64.86	6.953
65.16	6.977
65.45	7.001
65.74	7.025
66.03	7.049
66.32	7.073
66.61	7.096
66.9	7.12
67.19	7.144
67.48	7.168
67.77	7.192
68.06	7.216
68.35	7.24
68.64	7.264
68.93	7.287
69.22	7.311
69.51	7.335
69.8	7.359
70.09	7.383
70.38	7.407
70.67	7.431
70.96	7.455
71.25	7.479
71.54	7.502
71.83	7.526
72.12	7.55
72.41	7.574
72.7	7.598
72.99	7.622
73.28	7.646
73.57	7.67
73.86	7.694
74.15	7.717
74.44	7.741
74.73	7.765
75.03	7.788
75.32	7.805
75.61	7.821
75.9	7.838
76.19	7.854
76.48	7.87
76.77	7.887
77.06	7.903
77.35	7.92
77.64	7.936
77.93	7.952
78.22	7.969
78.51	7.985
78.8	8.002
79.09	8.018
79.38	8.035
79.67	8.051
79.96	8.067
80.25	8.084
80.54	8.1
80.83	8.117
81.12	8.133
81.41	8.149
81.7	8.166
81.99	8.182
82.28	8.199
82.57	8.215
82.86	8.231
83.15	8.248
83.44	8.264
83.73	8.281
84.02	8.297
84.31	8.313
84.6	8.33
84.89	8.346
85.19	8.363
85.48	8.379
85.77	8.395
86.06	8.412
86.35	8.428
86.64	8.445
86.93	8.461
87.22	8.478
87.51	8.494
87.8	8.51
88.09	8.527
88.38	8.543
88.67	8.56
88.96	8.576
89.25	8.592
89.54	8.609
89.83	8.625
90.12	8.642
90.41	8.658
90.7	8.674
90.99	8.691
91.28	8.707
91.57	8.724
91.86	8.74
92.15	8.756
92.44	8.773
92.73	8.789
93.02	8.806
93.31	8.822
93.6	8.838
93.89	8.855
94.18	8.871
94.47	8.888
94.76	8.904
95.06	8.921
95.35	8.937
95.64	8.953
95.93	8.97
96.22	8.986
96.51	9.003
96.8	9.019
97.09	9.035
97.38	9.052
97.67	9.068
97.96	9.085
98.25	9.101
98.54	9.117
98.83	9.134
99.12	9.15
99.41	9.167
99.7	9.183
100	9.199
100.3	9.21
100.6	9.219
100.9	9.229
101.2	9.239
101.4	9.249
101.7	9.259
102	9.269
102.3	9.279
102.6	9.288
102.9	9.298
103.2	9.308
103.5	9.318
103.8	9.328
104.1	9.338
104.3	9.348
104.6	9.358
104.9	9.367
105.2	9.377
105.5	9.387
105.8	9.397
106.1	9.407
106.4	9.417
106.7	9.427
107	9.437
107.2	9.446
107.5	9.456
107.8	9.466
108.1	9.476
108.4	9.486
108.7	9.496
109	9.506
109.3	9.515
109.6	9.525
109.9	9.535
110.2	9.545
110.4	9.555
110.7	9.565
111	9.575
111.3	9.585
111.6	9.594
111.9	9.604
112.2	9.614
112.5	9.624
112.8	9.634
113.1	9.644
113.3	9.654
113.6	9.664
113.9	9.673
114.2	9.683
114.5	9.693
114.8	9.703
115.1	9.713
115.4	9.723
115.7	9.733
116	9.743
116.2	9.752
116.5	9.762
116.8	9.772
117.1	9.782
117.4	9.792
117.7	9.802
118	9.812
118.3	9.821
118.6	9.831
118.9	9.841
119.1	9.851
119.4	9.861
119.7	9.871
120	9.881
120.3	9.891
120.6	9.9
120.9	9.91
121.2	9.92
121.5	9.93
121.8	9.94
122.1	9.95
122.3	9.96
122.6	9.97
122.9	9.979
123.2	9.989
123.5	9.999
123.8	10.01
124.1	10.02
124.4	10.03
124.7	10.04
125	10.05
125.2	10.06
125.5	10.07
125.8	10.08
126.1	10.09
126.4	10.1
126.7	10.11
127	10.12
127.3	10.13
127.6	10.14
127.9	10.15
128.1	10.16
128.4	10.17
128.7	10.18
129	10.19
129.3	10.2
129.6	10.21
129.9	10.22
130.2	10.23
130.5	10.24
130.8	10.25
131.1	10.26
131.3	10.27
131.6	10.28
131.9	10.29
132.2	10.3
132.5	10.31
132.8	10.31
133.1	10.32
133.4	10.33
133.7	10.34
134	10.35
134.2	10.36
134.5	10.37
134.8	10.38
135.1	10.39
135.4	10.4
135.7	10.41
136	10.42
136.3	10.43
136.6	10.44
136.9	10.45
137.1	10.46
137.4	10.47
137.7	10.48
138	10.49
138.3	10.5
138.6	10.51
138.9	10.52
139.2	10.53
139.5	10.54
139.8	10.55
140.1	10.56
140.3	10.57
140.6	10.58
140.9	10.59
141.2	10.6
141.5	10.61
141.8	10.62
142.1	10.63
142.4	10.64
142.7	10.65
143	10.66
143.2	10.67
143.5	10.68
143.8	10.69
144.1	10.7
144.4	10.71
144.7	10.72
145	10.73
145.3	10.74
145.6	10.75
145.9	10.76
146.1	10.77
146.4	10.78
146.7	10.79
147	10.8
147.3	10.81
147.6	10.82
147.9	10.83
148.2	10.84
148.5	10.85
148.8	10.86
149	10.87
149.3	10.88
149.6	10.89
149.9	10.9
150.2	10.91
150.5	10.92
150.8	10.93
151.1	10.94
151.4	10.95
151.7	10.96
152	10.97
152.2	10.98
152.5	10.99
152.8	11
153.1	11.01
153.4	11.02
153.7	11.03
154	11.04
154.3	11.05
154.6	11.06
154.9	11.07
155.1	11.07
155.4	11.08
155.7	11.09
156	11.1
156.3	11.11
156.6	11.12
156.9	11.13
157.2	11.14
157.5	11.15
157.8	11.16
158	11.17
158.3	11.18
158.6	11.19
158.9	11.2
159.2	11.21
159.5	11.22
159.8	11.23
160.1	11.24
160.4	11.25
160.7	11.26
161	11.27
161.2	11.28
161.5	11.29
161.8	11.3
162.1	11.31
162.4	11.32
162.7	11.33
163	11.34
163.3	11.35
163.6	11.36
163.9	11.37
164.1	11.38
164.4	11.39
164.7	11.4
165	11.41
165.3	11.42
165.6	11.43
165.9	11.44
166.2	11.45
166.5	11.46
166.8	11.47
167	11.48
167.3	11.49
167.6	11.5
167.9	11.51
168.2	11.52
168.5	11.53
168.8	11.54
169.1	11.55
169.4	11.56
169.7	11.57
169.9	11.58
170.2	11.59
170.5	11.6
170.8	11.61
171.1	11.62
171.4	11.63
171.7	11.64
172	11.65
172.3	11.66
172.6	11.67
172.9	11.68
173.1	11.69
173.4	11.7
173.7	11.71
174	11.72
174.3	11.73
174.6	11.74
174.9	11.75
175.2	11.76
175.5	11.77
175.8	11.78
176	11.79
176.3	11.8
176.6	11.81
176.9	11.82
177.2	11.83
177.5	11.83
177.8	11.84
178.1	11.85
178.4	11.86
178.7	11.87
178.9	11.88
179.2	11.89
179.5	11.9
179.8	11.91
180.1	11.92
180.4	11.93
180.7	11.94
181	11.95
181.3	11.96
181.6	11.97
181.9	11.98
182.1	11.99
182.4	12
182.7	12.01
183	12.02
183.3	12.03
183.6	12.04
183.9	12.05
184.2	12.06
184.5	12.07
184.8	12.08
185	12.09
185.3	12.1
185.6	12.11
185.9	12.12
186.2	12.13
186.5	12.14
186.8	12.15
187.1	12.16
187.4	12.17
187.7	12.18
187.9	12.19
188.2	12.2
188.5	12.21
188.8	12.22
189.1	12.23
189.4	12.24
189.7	12.25
190	12.26
190.3	12.27
190.6	12.28
190.9	12.29
191.1	12.3
191.4	12.31
191.7	12.32
192	12.33
192.3	12.34
192.6	12.35
192.9	12.36
193.2	12.37
193.5	12.38
193.8	12.39
194	12.4
194.3	12.41
194.6	12.42
194.9	12.43
195.2	12.44
195.5	12.45
195.8	12.46
196.1	12.47
196.4	12.48
196.7	12.49
196.9	12.5
197.2	12.51
197.5	12.52
197.8	12.53
198.1	12.54
198.4	12.55
198.7	12.56
199	12.57
199.3	12.58
199.6	12.59
199.8	12.59
200.1	12.6
200.4	12.61
200.7	12.62
201	12.62
201.3	12.63
201.6	12.64
201.9	12.64
202.2	12.65
202.5	12.66
202.8	12.66
203	12.67
203.3	12.68
203.6	12.68
203.9	12.69
204.2	12.7
204.5	12.7
204.8	12.71
205.1	12.72
205.4	12.72
205.7	12.73
205.9	12.74
206.2	12.74
206.5	12.75
206.8	12.76
207.1	12.76
207.4	12.77
207.7	12.78
208	12.78
208.3	12.79
208.6	12.8
208.8	12.8
209.1	12.81
209.4	12.82
209.7	12.82
210	12.83
210.3	12.84
210.6	12.84
210.9	12.85
211.2	12.86
211.5	12.86
211.8	12.87
212	12.88
212.3	12.88
212.6	12.89
212.9	12.9
213.2	12.9
213.5	12.91
213.8	12.92
214.1	12.92
214.4	12.93
214.7	12.94
214.9	12.94
215.2	12.95
215.5	12.96
215.8	12.96
216.1	12.97
216.4	12.98
216.7	12.98
217	12.99
217.3	13
217.6	13
217.8	13.01
218.1	13.02
218.4	13.02
218.7	13.03
219	13.04
219.3	13.04
219.6	13.05
219.9	13.06
220.2	13.06
220.5	13.07
220.8	13.08
221	13.08
221.3	13.09
221.6	13.1
221.9	13.1
222.2	13.11
222.5	13.12
222.8	13.12
223.1	13.13
223.4	13.14
223.7	13.14
223.9	13.15
224.2	13.16
224.5	13.16
224.8	13.17
225.1	13.18
225.4	13.18
225.7	13.19
226	13.2
226.3	13.2
226.6	13.21
226.8	13.22
227.1	13.22
227.4	13.23
227.7	13.24
228	13.24
228.3	13.25
228.6	13.26
228.9	13.26
229.2	13.27
229.5	13.28
229.7	13.28
230	13.29
230.3	13.3
230.6	13.3
230.9	13.31
231.2	13.32
231.5	13.32
231.8	13.33
232.1	13.34
232.4	13.34
232.7	13.35
232.9	13.36
233.2	13.36
233.5	13.37
233.8	13.38
234.1	13.38
234.4	13.39
234.7	13.4
235	13.4
235.3	13.41
235.6	13.42
235.8	13.42
236.1	13.43
236.4	13.44
236.7	13.44
237	13.45
237.3	13.46
237.6	13.46
237.9	13.47
238.2	13.48
238.5	13.48
238.7	13.49
239	13.5
239.3	13.5
239.6	13.51
239.9	13.52
240.2	13.52
240.5	13.53
240.8	13.54
241.1	13.54
241.4	13.55
241.7	13.56
241.9	13.56
242.2	13.57
242.5	13.58
242.8	13.58
243.1	13.59
243.4	13.6
243.7	13.6
244	13.61
244.3	13.62
244.6	13.62
244.8	13.63
245.1	13.64
245.4	13.64
245.7	13.65
246	13.66
246.3	13.66
246.6	13.67
246.9	13.68
247.2	13.68
247.5	13.69
247.7	13.7
248	13.7
248.3	13.71
248.6	13.72
248.9	13.72
249.2	13.73
249.5	13.74
249.8	13.74
250.1	13.75
250.4	13.76
250.7	13.76
250.9	13.77
251.2	13.78
251.5	13.78
251.8	13.79
252.1	13.8
252.4	13.81
252.7	13.81
253	13.82
253.3	13.83
253.6	13.83
253.8	13.84
254.1	13.85
254.4	13.85
254.7	13.86
255	13.87
255.3	13.87
255.6	13.88
255.9	13.89
256.2	13.89
256.5	13.9
256.7	13.91
257	13.91
257.3	13.92
257.6	13.93
257.9	13.93
258.2	13.94
258.5	13.95
258.8	13.95
259.1	13.96
259.4	13.97
259.6	13.97
259.9	13.98
260.2	13.99
260.5	13.99
260.8	14
261.1	14.01
261.4	14.01
261.7	14.02
262	14.03
262.3	14.03
262.6	14.04
262.8	14.05
263.1	14.05
263.4	14.06
263.7	14.07
264	14.07
264.3	14.08
264.6	14.09
264.9	14.09
265.2	14.1
265.5	14.11
265.7	14.11
266	14.12
266.3	14.13
266.6	14.13
266.9	14.14
267.2	14.15
267.5	14.15
267.8	14.16
268.1	14.17
268.4	14.17
268.6	14.18
268.9	14.19
269.2	14.19
269.5	14.2
269.8	14.21
270.1	14.21
270.4	14.22
270.7	14.23
271	14.23
271.3	14.24
271.6	14.25
271.8	14.25
272.1	14.26
272.4	14.27
272.7	14.27
273	14.28
273.3	14.29
273.6	14.29
273.9	14.3
274.2	14.31
274.5	14.31
274.7	14.32
275	14.33
275.3	14.33
275.6	14.34
275.9	14.35
276.2	14.35
276.5	14.36
276.8	14.37
277.1	14.37
277.4	14.38
277.6	14.39
277.9	14.39
278.2	14.4
278.5	14.41
278.8	14.41
279.1	14.42
279.4	14.43
279.7	14.43
280	14.44
280.3	14.45
280.6	14.45
280.8	14.46
281.1	14.47
281.4	14.47
281.7	14.48
282	14.49
282.3	14.49
282.6	14.5
282.9	14.51
283.2	14.51
283.5	14.52
283.7	14.53
284	14.53
284.3	14.54
284.6	14.55
284.9	14.55
285.2	14.56
285.5	14.57
285.8	14.57
286.1	14.58
286.4	14.59
286.6	14.59
286.9	14.6
287.2	14.61
287.5	14.61
287.8	14.62
288.1	14.63
288.4	14.63
288.7	14.64
289	14.65
289.3	14.65
289.5	14.66
289.8	14.67
290.1	14.67
290.4	14.68
290.7	14.69
291	14.69
291.3	14.7
291.6	14.71
291.9	14.71
292.2	14.72
292.5	14.73
292.7	14.73
293	14.74
293.3	14.75
293.6	14.75
293.9	14.76
294.2	14.77
294.5	14.77
294.8	14.78
295.1	14.79
295.4	14.79
295.6	14.8
295.9	14.81
296.2	14.81
296.5	14.82
296.8	14.83
297.1	14.83
297.4	14.84
297.7	14.85
298	14.85
298.3	14.86
298.5	14.87
298.8	14.87
299.1	14.88
299.4	14.89
299.7	14.89
300	14.9
